

AA
AI1
0P1
90
000
00
036
343010102023
07
270
037
00
120
002
00
233
14
075
61
145
514
50
346
092
20
318
124
419
01860841561
560
444
00
000
00
000
00
001
000
00
010
072
09
425
502
719
30
182
36
000
000000000000
00
000
00
000
000
000
00
000
000
00
000
000
00
000
00
100
200
50
070
120170230310
350
440
46
053
060
065
07
107
408
709
3109
130
139
157
164
18
018
41901
981
9721
1213223227238
245
2502
552
432
452
412
41
230
222
20
8193
200
187
18
117
317
316
315
715
914213913412
61
171
161
101
02
100
0
9
30
890
870
83
085
085
08
608
508
70
910
940
94093094088
089
097
09
710
01
021
011
01
108
112
10
910
410
21
041
101
16
120
13
013
41471451521
531
671
691
66
165
162
17
517
818
518
41
951
992
08
203
191
19
119
01
931821841861
962
10
209
21
219
920
420
72
002
03
203
21
021
221
62
202
132
15
218
21
020419720019
319
319
41
841
87
188
19
018
719
519
51
901
95
189
188
18
218
11
691
61155147140
130
127
12
011
911
61
111
07
106
102
09
608
608
10
790
790
76
068
065
06
406406205605
10
490
50
047
045
04
404
003
60
330
310
270
260
2202
001
90
170
160
150
1301
201200900700
700
800
600
700
7007
007
009
009
007
007
00
600
500
500
300
200
10
010
010
010010010010
010
01
001
001
00
000
00
000
000
00
000
001
001
00
100
100
100
10
010
00
00000000000
000
000
000
00
000
000
00
000
000
00
000
000
00
000
00
000
00
00
000
000000000000
01
001
002
00
200
300
40
040
04
004
004
00
400
30
030
02
002
002
00
200
200200200200
200
10
010
02
002
002
00
300
40
050
06
007
009
01
201
40
180
22
026
033
04104905806
90
790
931
04
116
131
14
416
01
711
882
02
216
229
23
724
525
02
552
53248244237
229
220
21
019
91
881
761
66
153
143
13
412
51
171
09
103
095
09
008
60
800750730700
670
65
063
06
106
005
80
550
540
530
51
051
049
04
804
80
460
440
43
042040039038
037
03
6034
0320
310
300
28
026
024
0230
210
200
190
18
017
016
0150
150
140
1301
201201201101
000
900
80
0800
800
70
070
070
07
007
006
00
600
50
050
040
04
003
004
00
40
0
30
03
003
003
00
300
30
030
030
03
003
003
003
00
300
30
030
030
030030030030
03
002
002
00
200
200
20
020
02
002
002
00
200
20
020
02
002
002
00
200
20010010020
020
010
01
001
00
100
100
10
010
010
01
001
001
00
100
10
010
010
01
001001001001
001
00
100
100
10
010
010
00
000
00
0000
00
000
000
00
000
000
000
00
000
000000000000
00
000
000
00000000000000000000000
000
00
000
00
100
100
20
020
03
004
006
00
801
101
501
90
2503103704405
1058
067
077
08609
5104
11412
513
6146
15616
5175
1841
931
992
052
102
1622
122
7230
2332
382432462492
502
522
532
552
542
542
522
512
502
492
482
472
4424
224
0238
233
2292
242
2021
420
920319719218
818
317
917
4169
1641
5915
414
914
514
213913
7135
1341
32
130
1261
2312
1120
119
11811
7117117117115
1141
111081
0410
109
809
509
309
109
008
9087
085
0820
790
75
072
07
006
806
606
406
306206106005
8056
054
053
05
205
104
90
480
470
46
046
04
604
504
50
440
440
44
045
04404304204
204
104
10
390
380
37
037
03
703
703
603
60
350
35
034
034
03
203
103
00
300290290280
28
028
029
02
902
902
802
80
270
26
025
024
02
302
20
220
230
23
024
024
025025026026
026
02
502
50
250
25
025
026
02
602
70
270
270
26
026
02
402
30
220
210200190180
170
16
016
016
016
01
501
40
130
13
012
01
201
101
10
100
100
100
100
100
100100110110
120
120
130
130
130
130
130
130
130
1301
30
130
130
13

AA
AI10
P1
900
00
000363420101
020
230
72
501
090
03
10
0
06
007
228
30
596
58
492
155
03
500
89
903151324420
260
091
1542
360
444
00
000
000
00
000
010
000
00
100
781
032
55
027
192
018
236000000000
000
000
000
00
000
00
000
000
000000
000
000
000
000
00
000
10
050
130
17
02202903504
0043
044
04
2043
04
504
404
60
510
590
64
070
07
808
409
410
01
061
111
18
127133141150
156
163
16
616
917
11
731
771
77
179
178
182
18
117
91
791
751
711
72
168
16516015715
214
313
51
261
2011
410
910
41
000
980
990
94
091
086
082
079
07
507
306
80650610600
60057056055055056
0580
5805
7059
0570
560
5505
605
906
1063
064
069
0700
730
7407
507
808
008
308
60870
910941021041
0911
411
612
112
913
513
8145
148
150
157
160
163
166
169
169
169
1721
77
184
191195199202
212
22
022
22
232
262
322
372
45
249
252
25
525
525
32
482
462
442
41
238
241240238238
235
231
222
22
021
521
120
52
031
992
00
201
196
1881
841
811
73
166
155
14
614013913012
412
01
161
131
11
106
096
09
508
908
307
60
720
680
660
620
570
530
530
51
046043038037
036
035
029
026
02
502
202
20
190
18
016
017
017
016
015
01
4013
01
201
101101101000
900
800
90
0700
70
0700
500
40
040
030
03
003
003
002
00
300
30
030
030
030
03003003002
002
002
002
002
00
000
000
000
000
00
000
000
000
000
000
000
000
00
000
000000000000
0000
000
0000
000
000
000
000
100
100
200
300
300
400
400
5004
004
003
003
0030
030
0300200200200
200
2002
002
002
002
002
003
003
00
400
500
60
090
110
1
3
01
602
102
603303904805
606
70
780
911
061
19
135
149
165
18
219
62
092
212
322
40
248
253
255
255
253248245238
231
222
212
204
19
418
317
216
21
491
391
291
201
13
106
098
092
08
808
408
007507106906
60
640
610
590
59
056
056
054
052
050
048
046
04
404
204
0039
037
03
7035
033031030028
027
02
502
402
202
202
101
901
801
70
160
150
150
130
12
012
011
010
010
00
900800800800
800
700
70
060
060
060
060
05
005
005
005
005
005
004
004
004
004
004
00
400400400400
400
400
400
4004
00
400
400
400
30
030
030
030
03
003
003
002
003
002
002
002
002002002002
001
0010
0100
100
100
20
0200
200
2002
002
0020
020
010
010
010
010
01
0010
010
010
01001001001
001
001
00
100
10
010
010
010
010
01
001
001
001
001
00
100
100
10
010
01000000000
0000
00
000
000
000
00
000
000
000
00
000
000
00
000
000
00
000
000
00
000
000000000000
00
000
001
001
002
00
200
300
400
60
080
110
14
018
022
027
032
037
04
204
805406106807
508
30
911
001
101
191
281
371
461
54
163
170
17
718
419
119
720
42
082
132172222262
312
3323
62
392
422
442
472
462
46
247
248
247
24
724
824
925
125
32
532
542
54255252249
245
242
237
233
229
225
22
121
821
521
320
92
052
001
951
901
861
81
176
174172170168
166
164
162
161
158
15
615
415
215
014
814
614
414
214
114
013
913
713
613
4132
130129125122
119
116
113
1111
081
061
031
000
970
940
90
086
081
077
074
0710
690
68
067
067
066066065065
06
306
206
10
600
590
580
58
058
05
8
05
805
805
805
705
60
550
540
530520500490
480
470
460
450
440
44
043
042
042
042
041
041
040
03
903
803
703
603
603
60
3603503503503
503
40
330
310
300
290
280
270
260
25
025
0250
25
024
024
02
4024
024
024
02302302302
302
302
302
30
230
230
2302
302
302
20
220
210
210
200
200
19
018
018
018
01
801901901901
801
801
701
70
160
160
150
150
15
015
015
015
01
501
501
501
501
501
501
5
