
AAAI10P
190000
00033
685010
09202
309430
102002600050071257050
693
424
123
034
008
52
029
012
936
103
43
085
1552
910
41
900
000
000
00
000
000
000
00
110
570
782
550
26
17701623600000
000
000
000
000
00
000
000
000
00
000
000
000
000
00
000
000
000
000
01
002
004006009012018
02
503
204
305
40
730
961
181
41
165
193
208
23
024
024
825
52
552
512
4324223022221
119
918
818
116
81
571
461
381
281
18
113
100
09
608
708
407
807
20
700
630
61058059057057
054
052
052
05
305
105
00
480
470
480
480
50
049
049
049
052
05
505
806
1062063068070
073
076
080
083
088
09
109
409
709
909
91
021
051
04
110
112
112
11
912
513
01331401451501
601
61
165
172
180
18
518
819
019
11
961
961
961
971
99
206
208
212
213
22
422021722021621
822
02
262
212
27
232
229
228
23
022
6
2
19
215
212
208
20
419
919
31901861791711
631
591
57
155
146
142
13
813
312
912
41
151
081
08
103
10
109
909
70
930
90087079075070
066
062
05
905
705
305
10
470
44
040
037
03
503
002
802
60
230
210
19
01901601601501
501
301
30
130
110
100
100
10
009
008
00
700
600
600
500
50
040
040
03
004
00300200300300
300
300
30
030
030
03
002
002
003
00
200
200
200
30
030
030
02
002
002
00
20020020020020
020
020
010
01
001
001
00
100
100
100
10
010
010
000
00
000
000
000
000
0000000000000
000
000
000
00
000
000
00
000
00
000
000
000
000
00
000
00
000
100
200
200
30040050050060
060
05
005
005
005
004
0040
0300
300
300
3002
002
002
002
003
003
00
400
50
070
09011014018023
028
035
04
305
40
660
780
93
110
128
145
160
17
819
020
72
212
30
239
243249252255249
245
238
230
22
421
520
319
21
811
691
59
150
138
12
811
911
11
040
990
930
87082076073070
067
063
06
205
905
705
70
540
530
51
049
04
704
504
404
20
400
380
37
0360340320300
2902
80
260
240
23
021
01
901
801
701
60
140
130
13
012
012
011
010
00
900
90090080080070
070
070
07
006
006
006
006
00
600
600
500
60
050
050
050
05
004
004
004
00
40030030030030
030
030
020
030
03
003
003
00
300
200
20
020
020
02
002
002
00
200
100
100100100100100
10
010
010
01
001
001
001
00
100
100
100
10
010
010
010
01
001
00
100
100
10010010010010
010
010
01
001
001
001
00
000
000
000
00
000
000
00
000
000
000
00
000
000
00000000000000
000
0000
000
000
0
0
000
00
000
00
000
000
000
000
00
000
00
000
000
00000000000000
000
00
000
000
000
000
000
000
000
000
00
001
001
002
0030
040
060
08
011
014
018023029035042
05
005
806
70
760
850
941
031
12
121
130
14
014
915
916
917
918
81
972
042122182252302
3523
92
442
462
49
251
25
3254
255
25
425
425
325
225
024
92
472
462
45
2442
422412402392382
3823
623
42
3223
122
92
282
252
222
182
152
12
209
204
200
19
519
118
718
41801761721681
641
60
156
152
148
145
142
13
913
613
313
01
271
241
221
191
171
15
113
111
11010810710610
510
310
109
90
980
96
095
092
089
086
084
08
107
907
60
740
720
700
69
068
066064063062061
06
005
905
80
570
570
56
055
053
05
205
004
904
70
460
440
430
420
420
410400390380380
380
37
037
037
038
03
803
803
803
90
380
380
38
038
037
03
703
603
50
340
33032031030029
028
02
702
60
250
240
230
220
21
021
021
02
002
002
002
10
210
21
021
02102102102002
001
901
901
801
80
170
17
016
016
015
01
501
50
150
140
140
14
014
014
01
40140140140150
150
160
160
160
16
016
016
01
601
60
160
160
16
016
01
601
601
601
60
160
16016016016016

